0.0
0.080004
0.0
0.57375
0.202393
0.0
0.039886
0.32
2.476066
0.0
0.160011
2.157125
0.19784
0.958941
2.34761
1.962117
0.92211
1.001459
1.120002
0.202123
1.647254
0.798936
1.419987
0.754395
0.957734
0.0
0.079986
0.400005
0.197735
1.444247
0.736051
1.279986
1.288936
2.113176
1.039991
1.126217
0.582115
0.637948
0.411638
0.160002
0.198185
0.078184
0.494993
1.99427
0.166065
0.065034
0.159993
0.676766
0.0
0.712735
1.98025
0.079998
0.997133
0.364243
1.465811
0.32
0.813183
0.64186
0.486065
1.279986
0.683845
2.202167
1.440002
0.999881
0.0
0.915807
1.419987
1.118181
0.0
2.405007
0.156059
0.567881
0.239996
0.755351
0.0
0.0
0.553176
0.298926
0.319998
0.807888
1.12
0.399973
0.27108
0.841798
1.6579
1.291067
0.643815
0.139226
1.517139
2.379288
0.0
0.160001
1.081059
0.080001
1.71392
1.271809
0.92211
1.387317
0.15931
0.67787
1.901646
0.239999
1.053187
1.380818
0.520252
0.477887
0.399953
0.07999
0.0
0.319998
0.19784
0.958941
0.399997
0.898836
0.159993
0.563994
0.0
0.0
0.915807
1.35787
1.118181
1.310058
0.892869
0.070645
0.407114
1.444247
0.298926
0.319998
0.399998
2.058093
0.486065
0.0
0.518945
0.754395
0.521851
1.098886
1.763195
0.079991
0.0
0.730781
1.068937
0.582874
0.957734
1.341075
0.0
0.357616
0.662927
1.237077
0.0
1.390049
1.498938
0.477887
0.76402
0.159998
0.364243
1.173935
0.202123
1.001459
0.159999
0.080001
1.795018
1.306813
1.87501
0.722862
0.199707
0.841798
0.169727
0.269995
0.399999
0.079957
0.359992
0.974994
0.759997
0.682117
2.246664
0.682102
0.080021
0.801849
1.303547
0.849027
0.751811
0.472581
1.533178
0.641084
0.800002
0.866866
0.602123
0.999881
0.0
0.319999
1.782169
0.0
0.643993
1.599995
1.440217
1.761064
0.079986
0.981995
0.936805
1.684993
1.59949
0.241085
0.602123
0.759993
0.436063
0.0
1.59949
0.159999
0.148659
1.637869
1.622876
1.71392
0.359992
1.203949
0.202122
1.35584
1.956058
1.557963
0.318181
1.173935
0.0
1.684311
0.0
1.279991
1.489989
0.0
0.158936
0.287895
0.877186
1.376812
1.132121
0.324947
1.526791
0.0
1.352867
0.085298
1.092121
0.0
0.0
0.080071
0.240229
0.209996
1.132121
0.0
0.0
0.11924
0.239943
0.080001
1.27783
1.561761
0.079993
0.667116
0.277884
1.043183
0.085298
1.489989
0.327993
0.159984
0.427159
0.239964
0.079929
2.364029
1.336064
2.502985
0.240053
0.961809
0.159668
0.240053
0.409973
0.760004
0.0
1.401144
0.169213
0.284298
0.318937
0.081064
1.429252
1.234919
0.080019
0.59
0.0
0.249993
0.079954
0.08404
1.199894
0.084237
0.509736
2.28214
0.982906
1.022911
0.079993
1.40999
0.0
0.164962
1.455913
1.517257
0.0
0.718926
1.517257
1.049922
0.495003
2.239411
0.080005
0.398918
0.078878
1.374144
1.52
0.661691
0.982906
0.758944
0.240256
0.731602
0.0
1.736057
0.0
1.234919
2.051811
0.23425
1.07894
0.361964
0.080008
0.719247
0.082871
1.374144
1.040759
0.157947
0.661691
0.240256
0.280002
0.547883
1.526791
1.429252
0.082871
0.324947
2.054241
1.537871
1.517257
0.921076
0.164962
2.338962
2.283173
1.938908
1.839988
0.159999
0.515057
2.263777
2.620787
0.239845
1.451081
0.079975
1.681142
1.177871
0.937125
0.28301
0.159998
0.279996
2.011074
0.879858
1.938908
0.480007
0.239988
1.440012
2.011074
0.585023
0.4
1.839988
2.590026
2.485661
0.079539
0.898225
0.879858
2.202873
0.88715
0.262902
0.372097
0.32
1.778927
0.93495
1.012257
1.59929
0.262902
2.212213
0.447162
0.039358
0.159998
1.066209
0.88715
0.832992
0.262902
0.505354
2.268249
1.080001
2.013172
0.397949
0.678729
0.740154
1.604236
0.239236
1.758411
1.507667
0.398963
0.958179
1.517427
0.637948
1.957721
1.604236
2.321811
1.723947
0.479975
1.517427
0.079998
0.367156
2.582122
0.920091
1.558839
0.601813
0.676123
0.079998
1.322049
2.160005
0.561045
0.559995
0.575977
0.479975
2.314977
1.959845
1.317122
1.042894
2.724957
