0.0
0.08007
0.325
2.396065
0.0
0.0
0.363937
0.567881
0.0
0.562871
0.677872
0.399997
0.200043
0.159999
0.361062
0.242124
0.160005
1.832143
1.16211
1.318936
0.320002
1.16211
0.791803
1.440217
0.961808
0.677872
0.64212
0.079998
0.762112
0.598084
0.880014
0.879993
0.639985
0.591811
0.362149
0.0
0.320002
1.437865
1.117125
1.437865
0.87584
0.634747
1.039994
1.116066
1.290521
1.119992
0.0
0.277939
0.0
1.760268
0.641613
0.0
0.360004
0.0
1.111866
0.481402
1.341072
0.239997
0.879447
0.755913
0.16
1.917865
0.758871
0.755913
1.280012
0.88
1.082359
0.985005
0.239997
1.842399
0.482122
1.747116
1.743794
0.326065
0.360009
1.0532
0.507878
1.089241
0.334254
0.087847
0.080006
1.439997
1.721661
0.0
0.077864
0.0
0.524075
0.92395
0.821992
0.0
0.080009
0.238843
0.08
0.117871
1.714999
0.240011
0.279968
0.0
1.117815
2.000038
0.362149
0.761804
0.397753
0.480182
0.08002
0.0
0.247118
0.890741
0.782136
1.222874
0.76395
0.640689
0.159997
1.802118
0.687054
1.551075
0.845303
2.24606
0.0
0.239817
1.279996
1.361829
0.159999
0.320011
1.522111
2.160747
0.899252
1.763195
0.761804
1.066784
0.719455
0.519996
0.480002
0.400055
0.554396
0.0
0.477871
0.159994
0.598084
0.0
0.482775
0.43787
1.119992
0.880014
0.881059
0.080009
0.0
0.0
0.239966
0.554396
1.000741
0.762112
0.079998
0.326065
0.634747
1.000741
0.079998
0.480149
1.082359
0.814997
0.239999
0.079991
0.079999
0.989996
0.0
0.401573
0.480054
0.159994
0.239999
0.297088
0.559998
0.0
1.495995
0.158935
0.398946
0.521054
2.124034
1.281754
1.36
1.160545
0.959611
0.201054
1.323187
0.079989
0.593231
0.738934
0.081314
0.880755
0.0
0.249993
0.081314
1.357841
0.0
1.012123
1.192878
0.765234
0.080003
0.08041
0.0
0.07498
0.480005
0.120003
1.278125
0.085992
0.958819
0.359994
0.079978
0.799271
0.521054
1.357841
0.787866
0.0
0.561807
1.000748
0.507117
0.0
1.277125
1.00258
0.169213
1.277125
1.237257
0.721011
0.782125
0.08001
0.600004
1.476797
1.840965
1.323187
0.350004
0.0
0.085992
0.0
0.958819
1.153939
1.000748
0.079954
0.559987
2.320807
0.360002
0.679587
0.0
0.923189
0.05901
0.079954
1.237257
0.084286
2.157823
0.0
0.591407
1.237257
1.012123
0.480005
0.080227
1.896076
0.799271
0.073962
0.0
0.240016
0.959982
0.853942
0.160008
1.097849
0.799937
2.510028
1.59999
0.182914
0.279998
1.160706
0.435055
0.08001
0.818227
1.76002
0.079979
1.360021
0.159983
0.745032
2.13221
0.182914
0.857765
0.80715
0.80715
0.919262
0.182914
0.203891
2.119995
0.200132
1.279998
2.203172
0.079979
2.540773
1.279998
0.985568
0.0
0.799937
2.403179
1.368142
2.141249
1.160706
1.279998
0.159803
1.76002
2.188251
0.42536
0.292095
0.242484
0.367165
0.513015
1.519297
0.0
1.240054
0.271839
1.643951
0.119979
1.524389
0.876085
0.359988
2.500003
0.598394
0.660871
2.64504
0.359988
1.524389
1.880019
1.87988
0.479992
2.236022
0.479995
0.519377
1.239972
1.440002
2.080014
1.933174
1.435921
0.317956
2.235
1.48098
0.0
1.67947
0.557945
0.557907
1.440002
0.602104
0.924956
0.0
0.494021
0.287125
