0.0
2.357876
0.0175
0.403915
0.16
0.9182
0.557726
1.722105
1.678432
0.151882
1.68027
0.518887
0.080002
0.167118
0.401786
0.555741
0.387877
0.469995
1.353208
0.078924
1.359994
0.320059
0.400149
0.474399
0.474399
0.0
0.0
0.0
1.357866
2.166061
0.910058
0.161813
0.0
0.317759
1.839994
0.080002
0.59688
1.077853
0.24
1.258941
0.701988
0.479885
0.559391
0.0
0.72393
0.680034
0.921077
0.515951
0.399625
0.077965
1.089989
0.079999
0.6819
0.0
0.811138
0.677909
0.246256
0.479996
1.200012
0.844985
0.08
0.681059
0.24
0.557726
0.0
0.883939
0.90314
0.973187
0.404997
0.0
0.161813
0.959996
0.520003
0.237878
0.762113
0.079997
0.151882
1.08211
0.796694
0.322775
1.361829
1.639244
0.246256
0.0
0.321815
1.356055
0.989996
0.079996
0.561614
0.159253
0.839423
0.762113
0.0
0.08004
0.0
0.319987
1.037889
0.24
1.026058
0.86286
0.400186
0.279991
0.6819
1.199996
0.0
0.711813
0.734998
0.402033
1.08211
0.0
0.479885
0.234951
1.105367
0.527065
0.080002
0.647488
1.116066
0.721071
0.562122
0.283936
0.279995
0.59688
0.242124
0.397876
0.640053
0.400055
0.0
0.0
1.357866
0.771066
0.9182
1.641668
0.159998
0.688667
0.839423
0.159972
1.022871
0.279998
1.675103
0.555741
0.35819
0.239826
0.479999
0.239826
1.644476
0.640053
0.48395
0.359998
0.0
0.881811
0.0
0.241049
1.376024
0.800336
0.0
1.197123
0.0
1.161759
0.0
0.0
1.641885
2.082831
0.17
0.078962
0.767085
0.359997
0.0
2.240859
0.880004
0.471407
0.44147
0.707871
0.07498
0.0
0.923189
0.718655
0.685228
0.278927
0.198936
0.879301
0.241055
0.0
0.280001
1.082949
0.08
0.0
0.536815
0.0
0.641833
0.719926
0.0
0.0
1.11832
0.399914
1.11832
0.718655
1.27785
0.923189
0.52
0.782125
1.275002
0.800336
0.441105
1.764034
1.122126
0.441105
0.07894
1.277884
0.880004
0.0
0.0
1.27785
0.198936
1.11832
0.427159
1.122126
0.160002
0.658936
0.399914
0.513239
0.0
1.197123
0.361808
0.879301
1.279998
0.759901
0.91998
2.36318
0.252081
0.385372
2.079998
0.199999
1.559986
0.039967
0.778213
2.148248
1.257846
2.500774
0.697776
0.142916
0.959982
0.767168
0.705032
0.959982
0.142916
0.116624
0.395058
0.879255
0.239981
1.279998
0.327161
1.838775
0.813939
0.399987
0.119888
0.160061
0.959994
0.767168
0.039967
0.759901
0.039675
0.977873
0.159996
0.142916
1.71998
2.470027
2.079601
1.279998
1.4793
2.092207
1.71998
0.119984
1.328141
0.239996
0.267946
1.442482
0.320007
0.557968
0.320007
1.838192
1.484326
1.391624
0.442131
0.479381
1.200062
1.838795
0.079965
1.603947
0.517939
0.881832
0.480056
1.639976
2.197034
0.245052
0.836067
1.200013
1.484326
0.240005
1.399905
1.399905
2.602863
2.201825
1.892122
2.04003
0.580887
0.439995
0.558368
1.840006
