1.47581
1.47581
0.600042
1.47581
0.28005
1.036122
1.036122
1.036122
0
0.28005
1.47581
0.28005
1.47581
0
0.412903
1.47581
0.080019
1.036122
0.28005
1.036122
1.47581
0.28005
1.47581
1.47581
1.036122
1.036122
0.240066
1.036122
1.47581
1.47581
0.28005
1.036122
0.28005
0.28005
0.28005
1.47581
1.036122
1.47581
0.28005
1.47581
0.28005
1.47581
1.47581
0.28005
1.036122
1.47581
1.47581
0.28005
0
1.036122
0.28005
0.28005
0.28005
0.28005
0.777608
1.47581
1.036122
0.28005
0.28005
1.47581
0.28005
1.036122
1.036122
1.036122
0
0
1.47581
0.28005
1.036122
1.47581
1.47581
0.28005
1.036122
1.47581
0.28005
0.28005
1.036122
0.040958
1.036122
0.28005
0.28005
0.28005
1.036122
1.47581
0.28005
1.47581
0.159793
1.036122
1.47581
1.47581
1.036122
0.28005
0.28005
0
0
0.28005
0.28005
1.47581
1.036122
0.28005
1.47581
1.036122
0.28005
0.28005
0.28005
1.47581
0
1.47581
0
0.28005
1.036122
0.160002
0.28005
0.28005
1.47581
0.28005
1.47581
0
1.47581
1.036122
1.036122
0
1.036122
1.036122
1.47581
1.036122
1.47581
1.036122
1.036122
1.036122
0
1.036122
1.47581
0.28005
0.28005
1.036122
0
1.47581
1.47581
0.28005
1.47581
0.28005
0.28005
1.036122
1.036122
1.036122
1.47581
1.47581
0
0
1.036122
1.47581
1.47581
1.47581
1.47581
1.47581
1.47581
1.47581
0.28005
1.036122
0.28005
1.036122
0.28005
1.47581
1.47581
0.28005
1.036122
1.47581
0.28005
1.036122
0.857617
0.28005
1.47581
0.28005
0.28005
1.036122
1.47581
0.28005
1.47581
1.036122
0.28005
0.28005
0.28005
1.47581
1.036122
0.28005
0.28005
1.036122
1.036122
0.200131
1.036122
0.28005
1.47581
1.036122
1.47581
1.47581
0
1.47581
0.279662
1.036122
0.28005
1.036122
1.47581
0.28005
1.47581
1.47581
1.47581
1.47581
1.036122
1.036122
1.47581
1.036122
0.28005
0.159911
1.036122
1.47581
1.47581
1.036122
0.28005
0.28005
1.036122
0.28005
0.28005
1.47581
0
0.28005
0.28005
1.47581
1.47581
0.28005
1.47581
0.372636
1.47581
0.28005
1.47581
1.036122
0.28005
1.036122
1.47581
0.28005
1.47581
0
0.28005
0.28005
0.28005
1.036122
1.47581
1.47581
1.47581
0.28005
1.036122
1.47581
1.47581
0.28005
1.47581
0.196385
0.28005
1.036122
0.277855
0.28005
0.28005
1.036122
0.28005
1.036122
1.036122
1.036122
1.47581
0.28005
0.28005
1.47581
0.28005
1.036122
0.28005
0.28005
0
0.28005
0
0.28005
1.036122
1.036122
0.28005
1.47581
0
0.28005
0.28005
0.28005
0.28005
1.47581
1.036122
1.036122
0.28005
1.036122
1.47581
0.28005
0.28005
1.47581
1.47581
0
1.47581
1.036122
0.28005
1.036122
1.036122
1.036122
0.28005
1.036122
0
0
1.036122
0.239996
1.036122
0.28005
0.28005
0.28005
0
1.036122
1.036122
1.036122
1.47581
0.28005
1.47581
0.28005
1.47581
0.28005
0.28005
1.036122
1.47581
0.28005
1.036122
0.28005
0.28005
1.47581
1.47581
1.036122
0.28005
0.28005
1.036122
1.036122
0.128096
1.036122
1.036122
0.28005
1.47581
1.036122
1.47581
1.47581
1.47581
0.28005
1.036122
1.47581
0
0.28005
1.47581
1.036122
0.28005
1.036122
0.28005
1.036122
0.28005
1.47581
0.28005
0.28005
0.28005
1.47581
0.28005
1.47581
0.318183
1.47581
1.036122
1.036122
0.28005
1.47581
1.47581
1.47581
1.47581
0.28005
1.036122
1.036122
0.28005
1.036122
0
1.036122
0.160004
0.28005
0.28005
0.28005
1.47581
1.47581
1.036122
0.28005
0.28005
1.47581
0.28005
0.28005
1.47581
0.28005
1.036122
1.47581
0
1.47581
1.47581
0.28005
1.47581
0.581109
1.036122
0.971097
0.28005
0.28005
1.47581
0.042123
0.28005
0.28005
1.036122
1.036122
0.28005
1.036122
0
1.036122
0.28005
1.036122
0.620829
0.28005
1.036122
0.368177
1.036122
1.47581
1.47581
1.036122
0.28005
0.345
0.260208
0.28005
1.036122
1.47581
1.036122
0.28005
1.036122
1.47581
0
1.036122
1.036122
1.47581
1.036122
0.28005
1.47581
1.036122
0.28005
0.372142
1.036122
1.036122
1.47581
1.47581
0.079951
0.28005
0.28005
0.28005
1.47581
1.47581
0.28005
0.28005
1.036122
0
0.28005
1.47581
1.036122
0.424562
0.412516
1.036122
0.28005
1.47581
1.036122
0
0.28005
1.47581
0.28005
0.601637
1.47581
0.28005
1.47581
0.28005
0
0
1.036122
1.036122
0
1.036122
0.28005
0.28005
1.47581
0.359984
0.28005
0.28005
0.28005
1.036122
1.036122
1.47581
0
0.28005
1.036122
0
0
1.47581
0.28005
0.319378
1.47581
0.28005
1.47581
1.036122
0.28005
1.036122
0.28005
0.28005
1.47581
0.28005
0.28005
1.47581
1.036122
1.036122
0.317785
1.036122
0.28005
0
1.036122
1.036122
0
0
1.47581
1.47581
1.036122
0.198203
0.28005
0.28005
0.28005
0.28005
1.47581
0.28005
1.47581
1.47581
1.47581
0.196833
1.036122
1.47581
1.47581
1.47581
0.464995
0.28005
0.548185
1.47581
1.47581
1.47581
0.28005
1.47581
1.47581
1.036122
1.036122
0.28005
1.47581
1.47581
1.036122
1.47581
0.28005
1.47581
1.036122
1.47581
1.036122
0.28005
1.036122
1.47581
1.47581
1.47581
0.28005
0.28005
0
0.28005
1.036122
1.47581
0
1.47581
0.28005
1.47581
0.28005
0.28005
1.47581
0.28005
1.036122
0.479999
0.28005
1.47581
0.28005
0
1.036122
0.238178
0.28005
1.47581
0.28005
0.28005
1.47581
1.47581
1.036122
1.036122
0.351679
1.036122
1.47581
0.28005
1.47581
0.28005
1.036122
1.47581
0.28005
1.036122
1.036122
0.159991
1.036122
1.036122
1.47581
1.036122
1.036122
1.036122
1.036122
0.28005
1.036122
0.28005
1.47581
1.036122
1.47581
1.036122
1.036122
1.47581
0.28005
0
1.47581
0.28005
1.036122
1.47581
1.036122
1.036122
0
1.036122
1.47581
0.28005
0.457141
1.036122
1.036122
0.28005
1.036122
1.036122
1.036122
1.036122
1.47581
0.28005
1.036122
1.47581
1.47581
1.47581
0
1.47581
1.47581
0.28005
1.036122
1.036122
0
1.036122
0.079463
1.47581
1.47581
1.47581
0.28005
1.47581
1.036122
1.036122
0.28005
1.47581
1.036122
0.28005
0.28005
0.28005
1.47581
0.28005
1.47581
0.28005
1.036122
0.28005
0
0.28005
0.28005
1.036122
1.036122
1.47581
0.28005
1.47581
1.47581
1.47581
0.28005
0.28005
0.28005
0.28005
0.28005
0.28005
1.47581
1.036122
1.47581
1.036122
0.28005
0.28005
0.28005
1.036122
1.036122
1.47581
1.036122
1.036122
1.47581
1.47581
1.47581
0
0.28005
1.47581
0
0.28005
0.28005
1.47581
0.28005
1.036122
0.28005
1.47581
1.036122
1.036122
1.036122
1.47581
1.036122
0.28005
1.47581
0.28005
0.28005
0.28005
1.47581
1.036122
0
1.47581
0.28005
0
0.28005
1.47581
1.47581
1.036122
1.036122
0.411439
1.036122
0.28005
1.47581
0.28005
1.036122
1.47581
1.036122
0.28005
1.036122
0.28005
0.28005
0.28005
0.28005
0.28005
0.28005
1.036122
0.28005
1.036122
0.28005
0.159991
1.47581
0.28005
1.036122
1.47581
1.47581
1.47581
1.47581
0.28005
1.036122
0.28005
1.47581
1.036122
0.28005
1.47581
0.405006
0
1.036122
1.47581
0.28005
1.47581
1.036122
1.47581
0.28005
1.036122
0.28005
1.036122
1.036122
1.47581
1.47581
1.800041
1.47581
0.28005
0.28005
0.28005
0.48016
0
1.036122
0.182117
1.47581
1.47581
0.28005
0.239881
0.28005
1.47581
1.47581
0.28005
1.47581
0.28005
1.47581
1.036122
1.47581
1.036122
1.036122
0.28005
0.439685
0.28005
0.28005
0.28005
1.036122
0.28005
0.28005
0.28005
1.036122
0.28005
1.036122
1.036122
1.47581
0.28005
1.47581
0.28005
0.28005
1.036122
1.036122
0.245002
0.28005
1.036122
0.28005
1.036122
1.47581
0.28005
0
0
0.28005
0.320408
0.28005
1.036122
1.47581
0.28005
0.479999
1.47581
0.456002
1.036122
0.28005
0.28005
1.036122
1.036122
0.202257
1.036122
1.036122
1.036122
1.47581
0.28005
0.28005
1.47581
0.36211
1.47581
1.036122
0.28005
0.28005
1.036122
0.28005
1.47581
1.036122
1.47581
1.036122
1.036122
1.036122
1.036122
0.28005
0.28005
1.119986
0.28005
0.28005
1.036122
1.036122
1.47581
0.28005
0.28005
1.036122
0
1.47581
1.036122
0
1.47581
0.28005
1.47581
1.036122
1.036122
1.036122
1.47581
1.036122
1.47581
1.036122
1.036122
1.036122
0.175493
1.036122
1.47581
1.47581
1.47581
1.036122
0.28005
1.47581
1.47581
1.036122
1.47581
0.28005
0.28005
1.47581
1.47581
0.28005
1.47581
1.47581
1.036122
1.47581
0
0.28005
1.036122
1.47581
1.036122
1.036122
0.28005
1.036122
1.47581
0.28005
0.658722
0.28005
1.47581
0.28005
1.47581
0.28005
1.47581
1.47581
1.47581
1.47581
0
0.28005
1.47581
0.28005
0.28005
1.47581
1.036122
0.28005
1.036122
0.28005
0.28005
1.47581
1.036122
1.47581
0
1.036122
0.28005
1.47581
0
1.036122
1.47581
0.28005
1.036122
0
0.28005
1.47581
0.28005
0.28005
1.47581
1.47581
1.47581
0.28005
1.47581
0.28005
1.47581
0.28005
1.036122
1.036122
0.283934
0.28005
1.47581
0.28005
0.28005
1.47581
1.47581
1.47581
1.036122
1.47581
1.036122
1.036122
1.47581
0.28005
1.036122
0.28005
0
1.47581
1.47581
0.28005
0.23824
0
0.28005
0.28005
1.036122
0.28005
1.47581
1.036122
0.28005
1.036122
1.036122
1.47581
1.47581
0.28005
1.036122
1.47581
1.036122
1.47581
0.28005
1.47581
1.036122
1.036122
1.47581
1.47581
0.28005
0.28005
1.036122
1.097867
1.47581
0.28005
1.036122
1.036122
0.28005
1.036122
0.28005
1.47581
0.188181
0.28005
1.036122
0.28005
1.47581
1.47581
1.47581
1.47581
1.036122
1.036122
0.28005
0.28005
1.47581
1.47581
0
0.28005
1.036122
1.47581
0.19999
0.442878
0.28005
0.557082
1.036122
1.036122
0.28005
0.28005
0.28005
1.47581
0.28005
1.036122
1.036122
1.036122
1.47581
0.28005
1.47581
1.47581
1.036122
1.036122
1.036122
0.28005
0.321077
1.036122
1.036122
1.036122
0.28005
1.036122
0.28005
1.036122
1.47581
0
1.036122
1.47581
1.036122
1.036122
0.28005
1.036122
1.47581
1.036122
1.47581
0.28005
1.47581
0.28005
1.036122
0.28005
1.47581
1.47581
1.47581
0.28005
1.47581
1.036122
1.036122
0.28005
1.47581
0.28005
0.28005
0.28005
1.036122
0.28005
1.47581
1.47581
0.28005
0.28005
0.200014
1.036122
1.036122
1.036122
1.47581
1.036122
1.036122
1.036122
1.47581
0.28005
1.47581
1.47581
1.036122
1.47581
1.036122
0.28005
1.036122
1.47581
0.28005
1.036122
0.28005
1.47581
0.28005
0
1.47581
0
1.47581
0.28005
1.036122
1.47581
1.036122
1.47581
0.079339
1.47581
0.28005
1.47581
1.036122
0.28005
1.036122
0.28005
1.47581
0.28005
0.28005
1.036122
1.47581
1.036122
1.47581
1.47581
1.47581
1.47581
1.036122
0.28005
1.036122
1.036122
1.036122
1.47581
1.47581
1.036122
1.036122
1.036122
0
0.240384
1.036122
0.28005
0.28005
0.28005
1.036122
1.47581
0
0.28005
0.28005
0.28005
1.036122
1.47581
1.036122
0.28005
1.036122
1.47581
1.036122
1.036122
1.47581
1.036122
0.28005
0
1.036122
1.47581
0.28005
0
0
1.47581
1.036122
0.28005
1.47581
1.47581
0.28005
0.28005
0.28005
1.036122
1.47581
1.036122
1.47581
1.036122
1.036122
1.47581
1.036122
1.47581
2.437869
0.28005
1.47581
0.28005
0.397795
0.28005
1.036122
1.036122
1.036122
0.28005
0.28005
1.47581
1.036122
1.036122
0
1.036122
0.28005
1.036122
0.28005
0
1.47581
1.47581
1.47581
0.28005
0
0.28005
0.28005
1.036122
0.28005
0.63644
1.47581
1.47581
1.036122
0.28005
0
0.240764
1.47581
1.036122
1.47581
1.036122
1.036122
1.47581
0.398633
0.28005
0.28005
1.47581
0.079644
1.036122
1.47581
1.036122
1.036122
1.036122
0.428207
0.28005
1.47581
0.28005
1.47581
1.47581
1.47581
1.47581
1.036122
1.47581
0.28005
1.036122
1.036122
1.47581
1.47581
0
0.28005
0
1.47581
0.28005
1.47581
1.036122
0.28005
1.036122
1.47581
0.36001
0.28005
1.036122
0.28005
1.036122
1.036122
0.079822
1.036122
1.47581
1.036122
0
1.47581
1.47581
0
1.036122
0.243955
1.47581
1.036122
1.036122
1.47581
0.28005
1.036122
1.47581
0.28005
0.762128
1.036122
0.28005
0.28005
0.399778
1.47581
1.47581
1.47581
1.47581
0.246069
1.036122
0.28005
1.47581
1.036122
0.28005
1.47581
1.627078
0.28005
0.28005
1.036122
1.567862
1.47581
1.036122
0.28005
1.47581
1.036122
1.47581
1.036122
1.036122
1.036122
1.47581
1.47581
1.036122
1.036122
0.28005
0.28005
1.036122
1.47581
1.036122
1.47581
1.47581
1.47581
1.036122
0
1.47581
0.28005
1.036122
1.036122
1.47581
1.47581
0.28005
1.47581
0
1.036122
1.47581
1.036122
1.036122
1.036122
1.036122
1.036122
0.081082
1.036122
0.28005
1.036122
1.47581
1.036122
0.28005
0.62013
0.28005
1.036122
1.036122
0
0.28005
0.16125
1.036122
1.47581
0
1.036122
1.036122
2.395669
1.47581
1.47581
1.47581
0
1.036122
0.16001
1.036122
1.036122
0.199955
0.28005
1.47581
1.47581
0.28005
1.47581
0.28005
1.036122
1.036122
1.036122
0.28005
1.036122
1.036122
1.47581
0.541046
1.036122
0.239997
1.47581
1.036122
0.28005
1.036122
0.28005
0.080003
1.47581
0
0.28005
1.47581
0.28005
0.697606
0
0.28005
1.47581
0.28005
1.036122
1.036122
1.036122
1.036122
1.47581
0.28005
0.28005
0.28005
1.47581
1.036122
0.28005
1.036122
0.28005
0.28005
1.036122
1.47581
0.28005
0
0.28005
0.28005
1.47581
0
0.28005
1.47581
0.28005
1.47581
0.200001
1.47581
0.28005
0.28005
0.28005
0.28005
1.036122
1.036122
1.47581
1.036122
1.47581
0.080016
1.036122
0.080061
1.47581
0.28005
1.036122
1.036122
1.47581
0
1.47581
0.159803
1.036122
1.47581
1.036122
0.198203
0.28005
1.036122
1.036122
1.036122
0.28005
1.036122
1.47581
1.47581
0
0.28005
1.47581
0.240039
1.036122
1.47581
1.47581
1.036122
2.250733
0.362676
0.28005
0.28005
1.036122
1.036122
1.036122
1.47581
0.28005
1.47581
0
1.47581
1.036122
1.47581
1.036122
0.28005
1.47581
0.28005
0.28005
1.199999
1.036122
1.036122
0.28005
0.28005
1.47581
0.28005
1.036122
0
0.28005
0
1.47581
1.036122
2.010723
0.187125
1.47581
0.28005
0.28005
1.036122
1.036122
0.28005
1.47581
1.036122
1.036122
0.28005
1.47581
1.47581
1.47581
1.036122
1.036122
0.258985
1.036122
0.460828
0.28005
1.47581
1.47581
1.47581
1.47581
0.28005
1.47581
1.47581
0.28005
1.036122
1.47581
1.036122
1.036122
1.036122
0.28005
1.036122
1.47581
1.47581
1.036122
1.036122
1.036122
1.036122
0.28005
0.28005
1.47581
1.036122
1.47581
1.47581
0.28005
1.47581
0.28005
0
0.28005
1.47581
0.28005
1.47581
1.47581
0.28005
0.28005
0.481873
1.47581
1.036122
1.47581
0.28005
1.036122
1.036122
1.47581
1.036122
0.28005
1.036122
1.47581
1.036122
1.036122
0.28005
1.036122
1.036122
1.036122
0.28005
1.036122
0.28005
1.036122
2.235676
1.036122
1.036122
0
1.47581
1.47581
1.47581
0.28005
0
1.47581
0.28005
0.28005
1.47581
1.47581
1.036122
1.036122
0.239965
1.47581
0.28005
0.28005
0.28005
0.28005
1.47581
0
1.036122
1.47581
1.036122
0.28005
0
1.036122
1.036122
0.416048
1.036122
0.28005
1.036122
1.036122
0.28005
0.28005
1.036122
1.036122
0.28005
0.28005
1.47581
0.28005
1.47581
0.28005
1.47581
1.036122
1.47581
0
1.47581
0.28005
1.036122
1.47581
1.036122
0.240022
1.036122
1.036122
0.28005
0.155643
0.28005
1.036122
0
0
1.47581
0
0.277657
0
1.036122
1.47581
1.036122
1.036122
1.036122
0.28005
0
1.47581
1.036122
0.28005
0.28005
0.278835
1.47581
0.28005
1.036122
1.036122
0.28005
1.47581
0.28005
1.47581
0.28005
1.036122
1.47581
0.59818
0
0.28005
1.036122
0.28005
1.036122
1.47581
1.036122
1.47581
1.47581
1.47581
1.47581
1.47581
1.47581
1.036122
0
0.28005
0.28005
0
0.28005
0.28005
1.47581
0.28005
0.28005
0.28005
1.036122
0.28005
1.036122
0.28005
1.036122
0.28005
1.036122
1.036122
1.036122
0
0.79964
1.036122
1.47581
1.036122
0.28005
1.47581
0.28005
1.47581
1.47581
0.28005
1.47581
1.036122
1.036122
1.036122
0.28005
0.280002
0.28005
0.28005
0
0.184985
0.28005
1.036122
1.036122
1.47581
0.28005
0.28005
1.47581
1.47581
1.036122
0.039984
1.036122
0.28005
1.036122
1.036122
1.47581
1.47581
0
1.47581
0
1.47581
1.47581
0.28005
1.036122
1.47581
0.28005
1.47581
1.47581
1.47581
1.47581
1.036122
1.036122
0.28005
1.036122
1.036122
0.28005
0.28005
1.47581
1.036122
1.036122
0
0.28005
0.28005
1.47581
0.28005
0
1.036122
1.47581
1.47581
1.47581
1.036122
1.036122
1.036122
1.036122
0.28005
1.036122
1.47581
1.47581
0.355721
0.28005
1.47581
0.28005
0.28005
1.47581
0
0.202856
0.28005
0.307131
0.28005
0.28005
1.036122
0.28005
1.036122
1.47581
1.036122
0.28005
1.036122
1.036122
0.28005
0.28005
1.47581
1.47581
1.036122
0.28005
0.28
1.036122
1.036122
0.28005
1.47581
1.47581
1.47581
0.28005
1.036122
1.036122
0.28005
1.036122
1.47581
0.28005
0.28005
0.37018
0.28005
1.47581
1.036122
1.47581
0.28005
0.28005
0.28005
0.28005
1.47581
1.036122
0.28005
0.240008
0.28005
0.28005
0
1.47581
1.47581
0.28005
0.199998
1.47581
0.28005
0.310056
1.036122
1.47581
1.036122
1.036122
0.322122
1.036122
1.036122
1.47581
0.28005
0.28005
1.47581
0.28005
1.47581
0.28005
1.036122
1.036122
1.036122
0.28005
1.036122
1.47581
1.47581
0.28005
0.28005
0.28005
0.28005
0.28005
0.16
1.036122
0.28005
0.28005
0.28005
1.47581
1.47581
1.036122
0.28005
1.47581
0
0.28005
1.47581
1.47581
0.28005
0.28005
0.28005
1.036122
1.47581
1.47581
1.168167
0.039851
1.036122
1.47581
1.47581
1.036122
0.28005
0.28005
0.28005
0
0.28005
0.28005
1.036122
1.47581
0.240047
1.47581
1.47581
1.036122
1.036122
1.47581
1.47581
0.28005
1.47581
0.28005
0.28005
0.28005
0.28005
0.28005
1.47581
1.47581
1.47581
0.28005
1.036122
1.036122
1.036122
0.28005
0.28005
1.036122
1.036122
0.28005
0.28005
1.036122
0.321807
0.28005
1.47581
1.47581
0.28005
0.28005
1.036122
1.47581
1.036122
1.47581
0.320028
1.036122
1.036122
0
0.120002
0
0.28005
0.28005
0.28005
0
1.47581
1.036122
1.036122
1.036122
0.400781
1.47581
1.47581
1.036122
0
1.036122
1.036122
1.47581
0.28005
1.036122
0.28005
0
1.036122
1.036122
1.47581
1.036122
1.47581
0.28005
0.28005
0
1.47581
1.47581
0.28005
1.47581
1.47581
1.47581
1.47581
0
1.036122
0.28005
0.28005
0.28005
2.42237
1.036122
1.036122
0.079999
1.47581
0.28005
1.036122
0
0.28005
1.036122
1.036122
0.159814
0.28005
1.036122
1.036122
1.036122
0.28005
0.28005
1.47581
1.036122
1.47581
1.036122
1.47581
1.036122
0.28005
0.28005
0.28005
0.28005
1.47581
1.036122
0.28005
0.28005
0
0.28005
1.036122
0.079339
0.28005
0.28005
0.28005
0
1.47581
1.47581
1.036122
0.28005
0.28005
0.28005
1.47581
1.036122
1.036122
1.036122
1.47581
1.47581
1.036122
1.036122
1.47581
1.036122
1.036122
0.28005
1.47581
1.47581
1.47581
1.47581
1.47581
1.47581
0.28005
1.036122
0.28005
0.28005
1.47581
0.28005
1.47581
1.47581
0.567183
0
1.47581
1.47581
0
0.28005
1.47581
1.47581
0.28005
1.47581
1.036122
1.036122
1.036122
1.47581
0.28005
1.036122
1.036122
0.28005
1.47581
1.036122
0.28005
1.47581
0.28005
1.036122
1.036122
0.28005
0.28005
1.47581
1.47581
1.036122
1.47581
0.28005
1.47581
1.47581
1.47581
1.47581
1.47581
0.28005
1.47581
1.036122
1.47581
1.47581
1.036122
1.47581
0.28005
1.036122
1.47581
1.47581
1.036122
0.28005
1.036122
1.036122
1.036122
1.47581
1.47581
1.036122
1.47581
0.28005
1.47581
0.28005
1.036122
1.036122
0.28005
1.47581
0.28005
1.036122
0
1.47581
1.036122
1.47581
1.47581
1.036122
1.47581
1.036122
1.036122
1.47581
0.28005
1.47581
0.28005
1.47581
1.036122
0.28005
0.28005
1.036122
1.47581
0
1.036122
1.036122
0.319993
1.47581
1.47581
1.036122
1.036122
0.28005
1.47581
0
0.28005
1.036122
1.036122
1.47581
1.47581
1.036122
0.28005
1.47581
0.28005
1.47581
1.036122
1.47581
0.28005
1.036122
1.47581
1.47581
1.47581
1.47581
1.036122
0.28005
0.28005
0.28005
1.036122
1.036122
1.036122
1.036122
0.28005
1.47581
1.47581
0.28005
0.28005
1.036122
1.036122
0.28005
1.036122
1.47581
1.47581
0.28005
0.28005
1.47581
0.28005
1.719624
1.47581
1.036122
0.28005
0.28005
0.28005
1.47581
0.239833
1.036122
0.28005
1.036122
1.47581
0
0
0.160009
1.036122
1.47581
0.28005
0.200131
0.28005
1.47581
0.28005
1.47581
1.036122
1.036122
0.28005
0
1.036122
1.47581
1.47581
0.28005
0.28005
1.036122
1.036122
0.28005
1.47581
1.47581
1.47581
1.036122
0.28005
1.47581
0.28005
1.47581
1.036122
0.186777
1.036122
1.036122
1.036122
0.28005
0.316377
1.042088
1.47581
0.28005
0.28005
1.036122
0.28005
1.036122
1.47581
1.036122
0
1.036122
1.47581
1.036122
0.28005
1.47581
0.28005
0.28005
0
1.036122
0.28005
1.47581
0.28005
1.47581
1.036122
0
1.036122
1.47581
1.47581
1.036122
0
1.47581
1.47581
0.28005
0.28005
0.077852
1.47581
1.47581
0.28005
0.28005
1.036122
0.28005
1.036122
1.47581
0.243789
1.47581
1.036122
1.036122
1.47581
0.28005
1.47581
0.28005
1.47581
1.47581
0.039994
1.47581
1.036122
1.47581
1.036122
0.28005
1.036122
0.28005
1.036122
0.28005
0.28005
1.47581
1.47581
1.47581
1.036122
1.036122
0.28005
1.47581
1.036122
1.47581
1.47581
0.28005
1.036122
1.036122
1.036122
1.036122
0.28005
0.28005
1.47581
1.47581
1.47581
1.036122
1.47581
0.28005
0.28005
1.036122
0.28005
1.036122
1.47581
0.28005
0.28005
1.036122
1.47581
1.036122
1.036122
0.28005
0
1.47581
1.47581
1.036122
1.036122
1.47581
1.036122
1.036122
0.039989
0.28005
1.036122
0.679727
1.47581
1.47581
0.28005
1.47581
1.47581
1.47581
0.28005
1.036122
1.47581
1.036122
1.47581
1.036122
0.344839
1.036122
0
0.21757
0
1.47581
1.036122
0.577884
0.28005
0
0.239814
0
1.47581
1.47581
1.47581
1.47581
1.47581
1.036122
1.036122
1.036122
1.47581
1.036122
1.47581
1.47581
1.036122
1.036122
0.28005
0.160039
0.530733
1.036122
1.036122
1.47581
0.079996
0
0
0
0
1.960214
0
0.560051
0
0.39925
0
0
1.038458
1.241378
0
0.080001
0
0.997873
0
0
1.702179
0
1.310058
1.201803
0
0.719993
0
0
0
1.039999
0
0
0.51787
0
1.251896
1.065002
0.87788
0.059232
0
0
1.925008
0.479996
0.412008
0
0
0
1.360007
0
0
0
0.970758
0
0.284275
0.392579
0
0
0.284275
1.763195
0.795953
0.08
0.080005
0
0
0.200024
0
0
1.962117
1.517139
0
0
0.199968
0
0
0.406065
1.367272
0.721613
0
0
0.240046
1.238914
0
0
0
0
0.200012
1.318198
0.319997
0.440013
0
0.901995
1.039964
0
0
0
0.160001
0.841788
2.043159
0
0
1.795018
0
0.773923
0.160005
0
0
0.086066
0.768926
0
0.240001
0.15999
1.318936
0
0.522126
0
0
0
1.339982
0.84103
0.238935
1.238182
2.4189
0
0.191068
0
1.198953
0.399998
0.602117
1.384998
0.079987
0
0
0
0
0
0.799998
0
0.871804
0
0.559994
0.842112
0
0
0.080001
0
0.080032
0
0
1.085136
0.836089
2.004199
0
0
0
1.068937
1.019955
0
0
0
1.156024
2.326061
0
1.201803
1.765814
2.258668
0
1.476357
0.810805
1.079982
0.079998
2.092115
0.320052
0
1.998934
0
0
1.681311
0.293933
0.561864
0
0.639986
0
0
0.191809
1.226785
0
0
0.658194
0
0
0
0
1.157863
0
0
0.505005
0
0
0
0
0
0
1.167877
0
0
0
1.876066
0.089802
2.122168
0.919106
0
0.313939
1.892344
0.079997
0
1.242111
0.239999
0.16
0
0.331628
0
0
0
1.082868
0
0.080055
0
0
0.319999
0.522126
0.214248
0
0
0
0.929958
0
1.003955
0
1.080742
0.810805
0
0.360748
0
0.119706
0.160001
0.87788
0.239998
1.81107
0
0
0.719946
0
0
0.28
1.111866
0
0
0.279995
1.200097
0.558956
0
0.240009
0.441816
0
0.396818
0.561869
0
0
0
0
0.399998
0
0.080001
0
0.067602
0.650766
0
1.001063
1.555131
0.441063
0
1.318464
0.64
0.756988
0
0.080001
0
0
0.505005
0
0.478928
0
0
0
0
1.982015
0.240003
0
0
1.484987
0
1.150016
1.080742
0
0.894989
0.722134
0
0.877137
0
0.080061
0
2.044449
1.437908
0
0.319999
1.714999
1.224126
0
0
0
0
0
0
1.521059
0.320002
1.75998
0.480054
0
0
2.08374
0
1.31896
0
1.631077
1.602726
1.081944
2.276057
0.406065
0
0.555358
0.560468
0
0.327111
0.979249
0
0
0
0.563994
1.831816
0
1.1618
0
0
0.656135
1.648759
0.759179
0
0
1.1618
1.604349
0.55787
0.522112
0.471059
0.079999
0
0
2.133921
0
1.081944
0
0.587869
0
0
1.422873
0
1.119994
0.836089
0
1.130017
0.959995
0
0
0
0
0.160004
1.210917
0
1.386751
0
0.239998
0
0
0
1.339982
0
0
1.880263
1.684248
0.239998
0
0
0
1.434964
1.092121
0
0
0.878504
1.759994
0.320006
0.415004
0
0.240004
1.436195
1.272862
2.036324
0.831071
0
0
0.291055
0
0
0.323627
1.693187
0.477608
0
0.442089
0.957848
0.080188
0.241064
0
1.601057
0.291055
0.398836
0
1.440806
0.197881
1.086349
0
0
0.159995
1.197732
0.39403
1.463165
0
0.239995
0
0.400006
0.959051
0.800571
0.079971
0.08
1.407105
0
0.321055
0.519976
0.797157
0.160254
0
0.440013
0
0.736611
0
0
0
0
0.600778
0.639993
0
0
0.8411
2.240975
0.080002
0.559317
0
0
1.033938
0
0
0.418951
0.240002
0
0
0.640003
0.329986
0.160069
1.558322
0.080188
0
0
0.273945
0
0
0
1.439997
0
0
0.538758
1.640071
0
2.135957
0.234732
0
0.284298
0
0.319883
0.960004
0
0
0
0.077875
0
0.400034
0.688848
1.358153
0.867865
0
1.222913
0.418951
0
1.440003
0
0.160003
0
0.562125
1.462883
0.883184
0.080067
0.160254
0
0.192914
0.79989
1.399423
0.320218
0.400339
1.251055
0
2.284033
1.320006
0
0.59996
0
1.11861
0
1.403187
0.082871
0.960748
0.20004
0.810042
0
0.68084
1.287871
0
0
0.587121
0.538758
0
0.193942
0
0
0.64194
1.616018
0.079988
0.560003
0.761813
0
0.439994
1.493946
0.593332
0
0.079963
0
0.51657
0
1.806773
1.200319
0
0.839251
1.357126
1.197891
1.436195
0.17
0.153962
0.080019
0.724267
0
1.836051
0.519997
1.012123
0.600778
1.176809
0
1.956802
0.55988
0.600004
2.312867
1.440003
0
0
1.119888
0.961822
0.803959
0
0.914444
0.760001
0.080032
0
0.323933
0.08002
1.092121
0
0
1.806773
0
0
0
1.052111
1.280244
0.277432
1.403187
0
1.200319
0.398836
1.714912
0
0.399997
0.31783
0.112806
0.402102
0.162868
1.436195
1.132121
0.399997
2.422982
0
0
0.901689
0
0.44286
0
2.041226
0
1.279796
2.23788
0.719998
1.756766
1.443945
2.021797
0
0
0.469984
0
0.800571
0.238112
0.921172
0
0
0.199996
0
0.320326
0.399297
0.922856
0.43993
0.408042
0.347107
1.357126
1.123819
0.88184
0
0
0
0
0
0
1.401593
0.079995
1.280008
0
0.169213
1.227438
0
0
1.725715
2.201044
1.445682
0.839251
0.557873
0.680002
1.255268
1.326051
0
1.399423
0.385008
0
0
0.160003
0.936873
1.12606
0.894946
1.077092
0.120407
2.061044
1.35016
0.283326
0.893941
1.826062
2.580778
2.518837
1.898945
0.119999
0.199985
0.936873
1.799971
0.22291
1.487225
0.239999
0.909261
0
0.236924
1.238428
2.243177
1.678284
0.959239
0.280228
0.719678
1.408146
1.419273
1.400019
0.465337
0
1.25706
0.22291
1.818446
2.59116
1.799971
0.556657
1.080001
0.239568
0.22291
0.243112
1.179273
0.240011
2.408734
1.745049
1.13779
0.996115
1.559297
0.785031
1.457045
0.240004
1.999999
0.237091
2.687895
2.550023
1.690853
0.039528
2.159996
1.741084
0.858226
0.2
0.869813
2.036924
0.240091
2.221248
0.936873
0.545034
0.332096
1.143228
1.239253
1.930011
0.756066
0.439995
2.119998
0.240146
1.496201
2.172221
0.237076
2.228259
1.026067
0.789804
2.443176
1.738948
0.240503
1.077092
0.407177
2.714119
1.217385
1.398925
1.640745
1.086092
1.898945
0.475055
0.909261
0.239689
1.522097
0.521922
1.475862
0.357944
1.564314
1.917717
0.638383
1.479071
0.464256
1.972123
0.963961
0.612888
1.27606
1.564314
0.918211
1.521018
1.479071
0.559981
0.360024
0.644834
1.282063
0.327158
2.538191
0.70395
1.919924
1.71947
0.637953
2.368172
2.127867
0.519993
2.275015
2.281827
0.161068
2.120043
0.535976
2.686103
0.59793
0.239236
0.881793
