2.236045
0.159875
0.439263
0.237737
1.482117
1.387317
0.759179
1.200242
0.916856
0.68423
0.140466
0.152121
0.24
1.039999
0.359501
0.717138
1.119996
0.0
0.08
0.234718
0.234718
1.119992
1.923938
1.074284
0.563994
0.079979
1.517877
0.720008
0.0
0.359501
0.938939
0.479065
0.239888
0.319993
0.442122
0.28
0.601078
0.515951
0.720687
0.536055
0.0
0.480149
0.677909
0.0
0.241823
0.800012
0.522112
0.521059
0.0
0.237737
0.319996
0.639978
0.663191
0.722134
0.162875
0.0
0.559997
0.160002
0.0
0.0
0.311847
0.639999
0.796694
0.082504
0.799985
1.04001
0.0
0.0
1.436065
0.643993
0.321615
0.0
0.477825
0.0
1.151083
0.078941
0.761075
0.0
0.948184
0.0
0.784996
0.0
0.0
0.0
0.959997
0.431802
0.319997
0.159747
0.639999
0.239888
0.0
1.343809
0.07813
0.379244
0.681078
0.480013
0.240009
0.279995
0.0
0.160002
0.399999
0.080058
0.240011
1.119992
0.51425
0.439263
1.641668
1.722902
0.477825
0.662878
0.0
1.018264
0.140466
0.640012
0.0
0.24
0.0
1.042123
0.399999
0.23999
0.0
0.522757
0.0
1.00258
0.239996
0.956069
0.921751
1.002003
1.837867
0.0
0.0
1.601916
1.655679
0.125957
0.080302
0.440013
0.46
0.328179
0.319932
0.0
0.563076
0.0
0.0
0.482292
0.75394
0.400035
0.559885
0.878311
0.079902
0.878311
0.319932
0.876761
0.328179
0.280002
0.374244
0.680756
0.239996
0.079998
1.362189
0.841068
0.441105
1.037916
0.960006
0.876761
0.880755
0.878311
0.08
0.841068
0.738934
0.079902
0.204319
0.956069
0.0
1.698949
0.639924
0.759993
2.243177
0.132097
0.265378
1.959995
0.082436
1.439993
0.658182
2.028253
1.138182
2.380757
0.697776
0.0
1.399989
0.64716
0.585023
1.399989
0.0
0.076704
0.275058
0.75999
0.159889
1.698949
0.207161
1.958771
0.694092
0.280109
0.0
0.04013
0.826643
0.64716
0.639924
0.93787
0.042877
0.0
1.599977
2.350014
1.959594
1.537872
1.359933
1.972207
1.599977
0.0
1.208147
0.600006
0.16023
1.322503
0.159997
0.442158
0.159997
2.03394
1.364372
1.235881
0.319994
0.358649
0.960236
1.719884
1.365764
0.397949
0.683945
0.376075
1.520085
2.074988
0.127167
0.716075
1.07998
1.364372
0.111839
1.279922
1.279922
2.482859
2.079938
1.678682
1.920037
0.357887
0.32
0.438555
1.720001
