2.199991
1.437874
0.0
0.848948
1.402115
0.202114
0.601078
0.559998
0.156837
0.158247
0.358201
0.079951
0.678886
0.457121
0.362123
0.400149
1.356055
0.07212
1.040275
0.400011
0.518887
0.160009
0.07973
0.080031
0.960067
0.439999
0.160953
0.559998
1.847872
0.0
0.161818
0.48
0.401786
0.160978
0.0
0.482134
1.561663
0.279994
1.039992
0.479998
0.202114
0.716694
0.079996
1.265321
0.394251
0.311847
0.0
0.079995
0.480054
0.358201
0.839232
0.156837
0.401573
0.35819
0.0
0.299224
0.158247
0.64212
0.583136
0.563994
0.858942
0.083933
0.0
0.640004
0.706783
0.720008
0.16
0.117871
0.844492
0.0
0.241616
0.560688
0.0
0.160001
0.868191
0.240029
0.231844
0.160953
0.0
1.039997
0.879997
0.0
0.382762
0.351811
0.479972
0.582874
1.039992
0.159998
0.320042
1.318464
0.079455
0.0
0.960009
0.160001
0.761069
0.084286
0.578932
0.678896
0.278929
0.400015
0.721739
0.0
0.361073
0.761069
1.242195
0.616814
1.119028
0.199999
0.282997
0.877128
0.0
0.479907
1.119633
0.239718
0.359994
0.880004
0.798314
0.798314
0.0
0.800918
0.159996
0.957872
0.0
0.239718
0.881811
0.0
0.47999
0.0
0.0
0.159996
0.278929
0.0
0.678896
0.877128
0.134247
0.0
0.798314
0.320027
1.757822
1.71982
1.239958
1.559964
0.235057
1.878966
2.340783
1.168147
1.399997
0.900693
0.610005
0.0
0.0
1.080001
0.599928
1.239958
0.036706
1.098224
1.080001
0.240005
0.119994
1.559964
2.310025
2.203172
0.618185
0.599928
1.919995
0.607166
0.092086
0.039996
1.239958
0.654987
0.71999
1.319925
1.932216
0.167155
0.786847
0.607166
0.545034
0.225366
1.988258
0.679984
1.638685
0.107954
0.400001
0.324059
1.324281
1.479968
1.195843
0.07896
0.676077
1.237572
0.357944
1.679999
1.324281
2.039924
1.323949
0.120006
1.237572
0.087186
1.913942
0.557907
1.282519
0.318758
0.397894
0.867943
1.880016
0.281923
0.28
0.33393
0.120006
1.996064
1.679935
1.040024
0.640574
2.442865
