2.157871
0.0
0.240009
0.151882
0.08
0.219203
0.269995
0.482134
0.881136
0.524075
0.320141
0.0
0.399998
0.562122
0.774242
0.319987
0.082592
0.159959
0.51787
1.117125
1.278193
0.560688
0.503151
0.0
0.061989
1.48167
0.280013
0.08111
0.0
0.379242
0.0
0.161616
0.08
0.278202
0.480054
0.278202
0.159996
0.0
0.199999
1.357873
0.758871
0.0
0.640004
0.719988
0.0
0.079853
0.082592
0.640012
0.080953
0.282124
0.080002
1.322115
0.598952
0.079853
0.62678
0.0
0.159994
0.360006
0.0
0.079995
0.316067
0.778944
0.959989
1.520475
0.4
0.879981
0.960276
0.959989
0.079951
0.560571
1.598938
0.399998
0.638466
0.080953
0.959997
0.080001
1.185902
0.160978
0.0
0.553629
0.479999
0.479999
0.560017
0.400055
0.160002
1.677829
0.799944
0.640072
0.717129
0.0
1.455913
0.758948
0.240035
0.399888
1.439029
0.717129
0.0
0.0
0.762889
1.162201
0.0
0.08
0.641766
0.08
0.597259
0.32001
0.616814
0.238925
0.598895
0.597259
0.640072
0.278929
0.0
0.597259
0.159997
0.578932
0.0
0.720752
0.278927
0.081064
0.598895
0.601975
1.279853
1.948286
2.301134
1.058176
0.56717
2.079601
2.240001
0.614948
1.08317
1.520038
0.64013
0.080003
0.559921
1.520038
1.359995
1.878966
0.67997
0.746622
1.160706
1.279998
0.570002
1.279998
0.578206
0.513015
0.159191
0.0
0.079991
1.160706
0.799993
0.0
1.840395
1.880015
1.882875
0.56717
0.559921
1.279998
0.16
0.199999
0.0
1.284374
0.048261
1.155741
1.284374
0.278642
0.239944
1.999941
0.837914
1.19754
0.520229
0.566085
0.320091
0.360858
1.439474
1.956052
1.636068
0.317956
0.079995
1.640005
1.838192
0.039992
1.283952
0.040018
0.277908
2.402826
0.357857
0.239992
1.19754
0.039992
1.598187
1.000021
1.242769
1.840039
0.636055
