0.040269
0.159985
0.079684
0.705
0.0
0.242395
0.079988
0.079902
0.48
2.517878
0.038199
0.24
2.237124
0.399996
1.038917
2.430019
2.158927
1.127293
0.0
1.162002
1.321816
0.399998
0.0
1.729066
1.370746
1.499979
0.84103
1.037733
0.079846
0.159989
0.559995
0.399925
1.524416
0.81615
1.56155
1.368935
2.372113
1.039991
1.206222
0.662104
0.717872
0.491628
0.240003
0.278197
0.0
0.158197
0.614996
2.076073
0.246256
0.159999
0.239995
0.962941
0.0
0.080008
0.79487
2.060272
0.200011
1.062133
0.524255
1.548967
0.480002
0.893183
0.719992
0.566065
1.56155
0.756988
0.0
2.282175
1.520008
1.198075
0.079846
1.475805
1.499979
1.200544
0.197735
2.524027
0.258962
0.64788
0.320001
0.0
0.835356
0.0
0.079996
0.0
0.316846
0.0
0.635004
0.458181
0.0
0.399996
0.887882
1.240003
0.598699
0.547881
1.001678
1.832873
0.0
1.371018
0.723917
0.219203
0.0
0.0
1.647254
2.459286
0.0789
0.238196
1.161064
0.0
0.159998
1.826951
0.0
1.351809
1.127293
0.0
1.516068
0.247503
0.751054
1.982015
0.319998
1.160001
0.0
1.452041
0.620743
0.556054
0.613663
0.199987
0.0
0.079757
0.399996
0.399996
1.038917
0.479995
0.978798
0.280057
0.643993
0.118938
0.079998
1.475805
1.557874
1.200544
1.390049
0.972866
0.15931
0.487101
1.524416
0.458181
0.399999
0.48055
2.139971
0.566065
0.08
0.676801
0.84103
0.600801
1.178895
1.843185
0.236062
0.0
0.149817
0.811138
1.14894
0.662878
1.037733
1.421071
0.080005
0.542816
0.782857
1.317089
0.091057
0.0
1.563989
0.0
1.572879
0.556054
0.845005
0.239999
0.524255
1.253911
0.399998
1.162002
0.24001
0.159998
1.87501
0.0
1.386783
1.955026
0.802861
0.279976
1.001678
0.249794
0.351811
0.479999
0.279968
0.459326
1.054996
0.959999
0.882125
2.335552
0.766049
0.197906
0.881607
1.383552
0.927065
0.831811
0.5528
1.653194
0.720549
0.933899
1.024728
0.682127
1.198075
0.080011
0.399998
1.862167
0.079757
0.0
0.723989
1.680217
1.519994
1.841065
0.159989
1.061997
1.059933
1.884984
1.75018
0.318993
0.682127
0.959995
0.556079
0.079998
0.0
1.75018
0.240219
0.227832
1.877852
1.822872
0.0
1.826951
0.438936
1.404141
0.282124
1.555841
0.0
2.027507
1.758
0.0
0.558187
1.253911
0.079987
1.762104
0.08022
0.0
1.559982
0.0
0.0
1.569994
0.08003
0.241049
0.393892
0.957177
1.571054
1.21213
0.538758
1.606794
0.079998
1.622833
0.165292
1.234919
0.0
0.0
0.079954
0.080005
0.254324
0.322353
0.0
0.29
1.21213
0.064773
0.0
0.063165
0.239997
0.318149
0.16
1.376024
1.761771
0.159956
0.767566
0.533944
0.0
1.20319
0.165292
1.569994
0.408042
0.87999
0.507117
0.481057
0.0
0.220026
2.517224
1.668939
2.582935
0.32005
1.161806
0.343164
0.32005
0.494849
0.839999
0.08003
1.488073
0.248027
0.393254
0.397398
0.199999
0.0
1.601064
1.314915
0.16
0.802902
0.107124
0.329986
0.160003
0.16221
1.279605
0.201842
0.0
0.720035
2.362135
1.062907
1.102908
0.159956
1.638176
0.0
0.080071
0.0
0.244825
1.575972
1.696178
0.064773
0.912872
1.696178
1.250997
0.575004
2.353803
0.160002
0.521108
0.158937
1.454258
1.71004
0.741768
1.062907
0.967876
0.320001
0.931599
0.080019
1.881749
0.080025
1.314915
2.131813
0.699248
1.278627
0.442112
0.221091
0.801081
0.162868
1.454258
1.112867
0.264979
0.741768
0.0
0.320001
0.0
0.388937
0.62786
1.606794
1.601064
0.162868
0.0
0.538758
2.253184
2.338652
1.696178
1.001064
0.244825
0.0
2.534937
2.325613
1.97893
1.880033
0.199642
0.555059
2.301262
2.66076
0.279894
1.488155
0.151057
1.72073
1.22069
0.97394
0.319661
0.20003
0.319999
2.051068
0.919857
1.97893
0.640026
0.279988
1.480002
2.051068
0.625024
0.439961
1.880033
2.630027
2.523405
0.119989
0.938216
0.919857
2.239992
0.927168
0.302911
0.4121
0.360003
1.818942
0.974939
1.039235
1.63927
0.302911
2.252219
0.487164
0.079724
0.20003
1.150605
0.927168
0.865031
0.302911
0.545355
2.308262
1.119985
2.051058
0.43794
0.71838
0.783964
1.644339
0.283102
1.801283
1.554027
0.439949
0.998174
1.557453
0.0
0.676881
1.997695
1.644339
2.361797
1.763951
0.520004
1.557453
0.117884
0.40612
2.623186
0.961995
1.598853
0.639505
0.716178
0.117884
1.362058
2.195151
0.60192
0.599997
0.616075
0.520004
2.355024
1.999859
1.356105
1.086296
2.764953
