0.039984
2.437869
0.16125
0.0
0.345
0.16
0.563994
0.759998
0.877137
0.0
0.759179
0.0
0.440013
0.639986
0.925384
0.871804
1.517139
0.080055
0.480054
0.320002
2.122168
0.160004
0.08
0.079979
0.079999
0.522126
0.0
0.604001
0.080001
0.970758
0.199968
0.64788
1.318936
1.150016
0.64
1.259246
1.019955
0.841788
0.0
0.674721
1.156024
1.422873
0.441063
0.191068
0.0
1.876066
1.914267
0.239998
0.239998
0.0
0.0
0.800999
1.065002
0.280015
0.894989
0.901995
1.881663
0.560468
0.602117
1.075586
1.631077
0.086066
0.240009
0.683989
0.059232
0.392579
1.892344
0.842112
0.721613
1.003955
1.318198
1.310058
0.321811
1.200097
0.080001
0.327111
0.522112
0.191809
0.0
0.238935
0.313939
1.318198
0.719993
0.842112
1.001063
0.478928
1.998934
0.836794
0.16
0.0
0.0
0.51787
0.557868
1.795018
1.359994
0.603844
1.200097
0.836089
0.079997
0.412008
0.441816
0.674721
0.079998
0.582873
1.843185
0.471059
0.795953
0.0
0.0
0.080005
0.0
0.279995
0.959995
0.722134
1.882097
1.198953
0.479996
0.836089
1.080742
0.561864
0.079999
0.331628
1.146787
0.810805
0.561869
0.239997
0.406065
1.360007
0.919106
0.671816
0.406065
0.0
0.396818
0.979249
1.42107
0.522126
1.555131
1.081944
0.768926
2.258668
1.039999
1.604349
0.0
1.080742
0.810805
0.079996
0.719946
1.880263
1.555131
0.240003
0.656135
0.650766
0.319997
0.441841
2.044449
2.326061
1.119994
1.318464
0.795953
0.0
1.519994
0.0
1.079982
0.0
0.841788
1.821662
0.4779
0.238843
0.15999
0.238188
0.089802
0.559994
0.238935
0.719946
0.587869
1.081944
0.067602
1.251896
0.321811
0.12
0.119706
0.555358
1.339982
1.339982
1.714999
0.080002
1.111866
0.160005
0.28
1.639244
0.152355
0.320218
0.160007
0.239036
0.587121
2.23788
1.358153
0.0
1.403187
1.357126
0.329986
1.052111
0.160466
0.88184
0.469984
0.0
0.415004
0.688848
0.080188
2.0559
1.439997
0.206044
0.43993
0.8411
1.039896
0.518926
0.39403
0.204319
0.160254
2.422982
0.079988
0.0
1.357126
0.0
0.160007
0.46
0.559317
0.88184
1.616018
2.284033
0.797157
1.200319
1.401593
0.0
1.092121
1.200319
1.436195
0.0
1.756766
0.153962
0.0
0.761813
0.199996
0.0
1.255268
0.160254
0.639993
1.197732
0.0
1.440003
0.0
0.159964
1.227438
1.436195
0.079995
0.08
0.17
0.197881
0.206044
0.080188
1.403187
0.960748
0.440013
1.052111
0.0
0.0
1.280244
1.092121
1.436195
0.719247
1.000233
1.053189
1.272862
0.347107
0.867865
0.0
0.0
0.559317
0.160003
0.078962
0.0
0.680002
0.080002
0.640003
0.248027
0.0
0.077875
0.080019
0.0
0.0
1.440003
0.878504
1.012123
2.041226
1.559297
0.119999
0.039528
2.228259
2.580778
1.400019
0.847163
2.443176
2.550023
0.894946
1.408146
0.22291
1.799971
0.999981
0.407177
0.839931
1.799971
1.640745
2.221248
0.959239
1.026067
1.279996
1.360001
0.120407
0.0
0.893941
1.360001
0.240146
0.039966
0.199985
0.858226
0.785031
0.465337
0.196659
0.22291
0.320011
1.279996
1.13779
0.22291
0.332096
2.172221
0.239999
2.243177
2.159996
0.847163
0.839931
1.360001
0.2
0.120407
0.475055
0.545034
0.280228
1.564314
0.327158
1.475862
1.564314
0.559981
0.038949
0.521922
2.281827
1.282063
1.479071
0.881793
0.963961
0.535976
0.638383
1.71947
2.275015
1.919924
0.59793
0.357944
1.917717
2.538191
0.439989
1.683951
0.360024
0.70395
2.686103
0.637953
0.519993
1.479071
0.439989
1.972123
1.27606
1.521018
2.120043
0.918211
0.162089
0.038949
