2.316065
0.0
0.319988
0.080014
0.720572
0.478245
1.642117
1.598494
0.151882
1.600263
0.360055
0.0
0.08106
0.321807
0.479938
0.310003
0.399995
1.2426
0.0
1.279996
0.160058
0.320141
0.394401
0.394401
1.279989
2.083935
0.723989
0.08
0.237915
1.679995
0.0
0.514004
0.879982
0.16
1.17894
0.63518
0.399891
0.479978
0.643933
0.479993
0.761078
0.159959
0.399625
0.0
0.889997
0.0
0.479993
0.730781
0.280013
0.166065
0.399997
1.000008
0.766049
0.0
0.601063
0.160002
0.478245
0.800003
0.82312
0.893183
0.323929
0.08
0.839993
0.360068
0.158127
0.639444
0.0
0.151882
0.879996
0.716694
0.240763
1.077853
1.439997
0.166065
0.241823
1.278193
0.910058
0.0
0.481614
0.079964
0.759985
0.639444
0.0
0.237865
0.960014
0.160002
0.868191
0.784996
0.158894
0.159989
0.479993
1.119996
0.631766
0.614996
0.32186
0.879996
0.399891
0.154967
0.0
0.07813
0.0
0.566808
0.921077
0.634249
0.482134
0.081816
0.079995
0.514004
0.079941
0.317873
0.559998
0.320059
1.279989
0.693193
0.720572
1.561663
0.08
0.608963
0.759985
0.080008
0.822878
0.200011
1.437175
0.479938
1.04001
0.160005
0.40027
0.160005
1.442409
0.559998
0.403958
0.159998
0.762889
0.158936
1.27783
0.601387
1.117128
1.081748
1.200922
1.997827
0.079989
0.0
0.525989
0.279995
0.764047
0.720007
0.391407
0.240386
0.62786
0.0
0.767085
0.63865
0.126811
0.159974
0.079994
0.559262
0.08
0.199967
0.881297
0.0
0.457406
0.561536
0.559885
1.039383
0.319315
1.039383
0.63865
1.158918
0.767085
0.440004
0.782125
1.07681
0.601387
0.159997
1.524018
1.042127
0.159997
0.0
1.19786
0.720007
1.158918
0.079994
1.039383
0.347107
1.042127
0.080005
0.498937
0.319315
0.393254
1.117128
0.080002
0.559262
1.239958
0.719908
0.840003
2.325613
0.212086
0.345357
2.042874
0.160002
1.519999
0.0
0.738185
2.108253
1.218247
2.460784
0.697776
0.079892
0.959982
0.727154
0.665027
0.959982
0.079892
0.076704
0.35506
0.839922
0.199992
1.239958
0.287164
1.838775
0.777126
0.359911
0.079803
0.123025
0.906631
0.727154
0.0
0.719908
0.0
0.977873
0.120004
0.079892
1.679976
2.430024
2.040661
1.239958
1.440003
2.052215
1.679976
0.080373
1.291085
0.4779
0.240251
1.402482
0.279974
0.517967
0.279974
1.913942
1.444324
1.315913
0.400003
0.439959
1.159002
1.801865
0.039971
1.485747
0.477944
0.841086
0.45597
1.600014
2.157058
0.207167
0.796086
1.160032
1.444324
0.200005
1.359054
1.359054
2.562855
2.161829
1.76
1.999389
0.541848
0.399997
0.518375
1.8
