2.277851
1.597877
0.399405
1.808666
1.562104
0.479997
0.079922
0.0
0.761078
0.079998
0.719994
0.314401
0.317717
0.5182
0.320034
0.281913
0.880003
0.727119
0.563934
0.650766
0.074962
0.0
0.0
1.594275
0.227874
1.520269
0.552136
0.995812
0.400002
0.240792
0.086066
0.281913
0.239995
1.162193
0.920016
0.319892
0.0
0.719994
0.439495
2.003936
0.161818
0.157757
0.080003
0.321815
0.720003
0.0
0.874229
0.797051
0.153997
0.681078
1.721661
0.601063
1.199989
0.719991
0.479997
0.876678
0.237871
1.503813
0.575005
0.866866
0.057064
0.079999
0.399405
0.0
0.080058
0.0
0.480002
0.439495
0.643993
0.400005
0.0
0.5182
0.0
1.239249
0.086066
0.0
0.314401
0.120001
0.682102
0.839232
0.240149
0.459217
0.317717
0.813183
0.74314
0.723989
1.09895
0.079999
0.242876
0.637866
0.079922
0.799985
0.86286
0.879982
0.319998
0.0
0.494993
0.079999
0.079941
1.244257
0.157872
0.401626
0.800999
0.447071
0.320003
0.0
1.026058
0.079835
0.400069
0.393667
0.080002
0.319892
1.156109
0.160058
1.199996
1.039997
1.235051
0.541994
0.511806
0.07999
0.122355
0.080002
0.122355
0.879447
0.742877
1.199989
0.323954
0.595842
1.516068
0.280069
0.637866
1.121145
0.359998
0.962128
0.284298
0.818934
0.479268
0.957813
0.960748
0.328179
0.479268
0.641767
1.001759
0.201054
0.521054
0.962128
1.444021
0.852876
2.080816
0.0
0.0
0.36
0.683068
1.037124
0.525989
0.080002
0.639892
0.079983
1.816068
0.559201
0.547883
0.0
1.039906
0.958312
0.0
0.958312
0.205938
1.200922
0.0
0.400341
1.117861
0.23932
0.559201
0.079982
1.197732
0.525989
0.877854
0.160001
0.159997
0.400341
0.641262
0.23932
0.079992
0.957813
1.037124
0.57319
0.65998
0.958312
0.481538
1.917601
2.000011
1.738948
1.639975
0.315058
2.061262
2.420785
0.039835
1.248117
1.479994
0.977873
0.73394
0.080073
0.07999
1.440171
0.679921
1.738948
0.116624
0.040043
1.17819
1.440171
0.319954
0.199992
1.639975
2.390023
2.283173
0.698209
0.679921
2.0
0.687159
0.039997
0.172089
0.120003
1.577885
0.734954
0.800012
1.400004
0.039997
2.012203
0.247166
0.866835
0.687159
0.625024
0.039997
0.305358
2.068258
0.799995
1.718687
0.200028
0.4784
0.400138
1.404388
0.0
1.559457
1.274069
0.160024
0.756084
1.319997
0.43794
1.751838
1.404388
2.121823
1.443952
0.199984
1.319997
0.16719
2.376067
0.640104
1.362517
0.396623
0.477924
1.12006
1.960139
0.361926
0.359245
0.415977
0.199984
2.114991
1.761777
1.120998
0.801828
2.522834
